# The links inside the communities at k=13
# from /Users/zbatist/Dropbox/MA Thesis/Preliminary Analyses/End of February/P4/p4_cfinder_input.txt
# at no lower link weight threshold,
# and at no upper link weight threshold.
# Links were treated as undirected.
# No time limit was set for the clique search.

0:
2 22
2 25
2 26
2 3
2 7
2 9
2 10
2 11
2 21
2 23
2 4
2 8
22 25
22 26
22 3
22 7
22 9
22 10
22 11
22 21
22 23
22 4
22 8
25 26
25 3
25 7
25 9
25 10
25 11
25 21
25 23
25 4
25 8
26 3
26 7
26 9
26 10
26 11
26 21
26 23
26 4
26 8
3 7
3 9
3 10
3 11
3 21
3 23
3 4
3 8
7 9
7 10
7 11
7 21
7 23
7 4
7 8
9 10
9 11
9 21
9 23
9 4
9 8
10 11
10 21
10 23
10 4
10 8
11 21
11 23
11 4
11 8
21 23
21 4
21 8
23 4
23 8
4 8
1:
1 12
1 13
1 14
1 16
1 17
1 18
1 19
1 2
1 22
1 24
1 25
1 26
1 3
1 5
1 6
1 7
12 13
12 14
12 16
12 17
12 18
12 19
12 2
12 22
12 24
12 25
12 26
12 3
12 5
12 6
12 7
13 14
13 16
13 17
13 18
13 19
13 2
13 22
13 24
13 25
13 26
13 3
13 5
13 6
13 7
14 16
14 17
14 18
14 19
14 2
14 22
14 24
14 25
14 26
14 3
14 5
14 6
14 7
16 17
16 18
16 19
16 2
16 22
16 24
16 25
16 26
16 3
16 5
16 6
16 7
17 18
17 19
17 2
17 22
17 24
17 25
17 26
17 3
17 5
17 6
17 7
18 19
18 2
18 22
18 24
18 25
18 26
18 3
18 5
18 6
18 7
19 2
19 22
19 24
19 25
19 26
19 3
19 5
19 6
19 7
2 22
2 24
2 25
2 26
2 3
2 5
2 6
2 7
22 24
22 25
22 26
22 3
22 5
22 6
22 7
24 25
24 26
24 3
24 5
24 6
24 7
25 26
25 3
25 5
25 6
25 7
26 3
26 5
26 6
26 7
3 5
3 6
3 7
5 6
5 7
6 7
