1 1 200
1 2 25
1 3 25
1 9 87
1 10 161
1 11 170
1 12 131
1 13 55
1 14 133
1 15 170
1 19 133
1 20 170
1 21 170
1 22 170
1 23 170
1 24 170
1 25 179
1 27 25
1 28 170
1 29 170
1 31 170
1 32 50
1 33 67
1 34 170
2 2 200
2 3 200
2 25 9
2 27 200
3 3 200
3 25 9
3 27 200
4 4 200
4 5 162
4 6 129
4 7 129
4 8 162
4 9 60
4 10 36
4 12 59
4 13 45
4 14 10
4 15 10
4 16 67
4 17 10
4 18 162
4 26 93
4 30 162
4 32 85
5 5 200
5 6 100
5 7 100
5 8 133
5 9 32
5 10 32
5 12 23
5 13 45
5 16 67
5 18 200
5 26 80
5 30 200
5 32 50
6 6 200
6 7 200
6 8 167
6 9 113
6 10 32
6 12 62
6 13 45
6 16 67
6 18 100
6 26 93
6 30 100
6 32 75
7 7 200
7 8 167
7 9 113
7 10 32
7 12 62
7 13 45
7 16 67
7 18 100
7 26 93
7 30 100
7 32 75
8 8 200
8 9 99
8 10 32
8 12 62
8 13 45
8 16 67
8 18 133
8 26 93
8 30 133
8 32 75
9 9 200
9 10 119
9 11 87
9 12 149
9 13 86
9 14 87
9 15 87
9 16 32
9 18 32
9 19 87
9 20 87
9 21 87
9 22 87
9 23 87
9 24 87
9 25 87
9 26 45
9 28 87
9 29 87
9 30 32
9 31 87
9 32 107
9 33 67
9 34 87
10 10 200
10 11 161
10 12 157
10 13 87
10 14 137
10 15 164
10 16 32
10 17 4
10 18 32
10 19 133
10 20 161
10 21 161
10 22 161
10 23 161
10 24 161
10 25 161
10 26 32
10 28 161
10 29 161
10 30 32
10 31 161
10 32 86
10 33 67
10 34 161
11 11 200
11 12 131
11 13 55
11 14 133
11 15 173
11 19 133
11 20 200
11 21 200
11 22 200
11 23 200
11 24 200
11 25 191
11 28 200
11 29 200
11 31 200
11 32 50
11 33 67
11 34 200
12 12 200
12 13 78
12 14 138
12 15 138
12 16 23
12 17 8
12 18 23
12 19 131
12 20 131
12 21 131
12 22 131
12 23 131
12 24 131
12 25 131
12 26 36
12 28 131
12 29 131
12 30 23
12 31 131
12 32 106
12 33 67
12 34 131
13 13 200
13 14 55
13 15 55
13 16 145
13 18 45
13 19 121
13 20 55
13 21 55
13 22 55
13 23 55
13 24 55
13 25 55
13 26 145
13 28 55
13 29 55
13 30 45
13 31 55
13 32 95
13 33 155
13 34 55
14 14 200
14 15 160
14 17 67
14 19 133
14 20 133
14 21 133
14 22 133
14 23 133
14 24 133
14 25 133
14 28 133
14 29 133
14 31 133
14 32 117
14 33 67
14 34 133
15 15 200
15 17 27
15 19 133
15 20 173
15 21 173
15 22 173
15 23 173
15 24 173
15 25 173
15 28 173
15 29 173
15 31 173
15 32 77
15 33 67
15 34 173
16 16 200
16 18 67
16 19 67
16 26 173
16 30 67
16 32 50
16 33 133
17 17 200
17 32 75
18 18 200
18 26 80
18 30 200
18 32 50
19 19 200
19 20 133
19 21 133
19 22 133
19 23 133
19 24 133
19 25 133
19 26 67
19 28 133
19 29 133
19 31 133
19 32 50
19 33 133
19 34 133
20 20 200
20 21 200
20 22 200
20 23 200
20 24 200
20 25 191
20 28 200
20 29 200
20 31 200
20 32 50
20 33 67
20 34 200
21 21 200
21 22 200
21 23 200
21 24 200
21 25 191
21 28 200
21 29 200
21 31 200
21 32 50
21 33 67
21 34 200
22 22 200
22 23 200
22 24 200
22 25 191
22 28 200
22 29 200
22 31 200
22 32 50
22 33 67
22 34 200
23 23 200
23 24 200
23 25 191
23 28 200
23 29 200
23 31 200
23 32 50
23 33 67
23 34 200
24 24 200
24 25 191
24 28 200
24 29 200
24 31 200
24 32 50
24 33 67
24 34 200
25 25 200
25 27 9
25 28 191
25 29 191
25 31 191
25 32 50
25 33 67
25 34 191
26 26 200
26 30 80
26 32 63
26 33 107
27 27 200
28 28 200
28 29 200
28 31 200
28 32 50
28 33 67
28 34 200
29 29 200
29 31 200
29 32 50
29 33 67
29 34 200
30 30 200
30 32 50
31 31 200
31 32 50
31 33 67
31 34 200
32 32 200
32 33 50
32 34 50
33 33 200
33 34 67
34 34 200
