# The links inside the communities at k=17
# from /Users/zbatist/Dropbox/MA Thesis/Preliminary Analyses/End of February/P3/P3_cfinder_input.txt
# at no lower link weight threshold,
# and at no upper link weight threshold.
# Links were treated as undirected.
# No time limit was set for the clique search.

0:
1 10
1 11
1 12
1 13
1 14
1 15
1 19
1 20
1 21
1 22
1 23
1 24
1 25
1 28
1 29
1 31
1 32
1 33
1 34
1 9
10 11
10 12
10 13
10 14
10 15
10 19
10 20
10 21
10 22
10 23
10 24
10 25
10 28
10 29
10 31
10 32
10 33
10 34
10 9
11 12
11 13
11 14
11 15
11 19
11 20
11 21
11 22
11 23
11 24
11 25
11 28
11 29
11 31
11 32
11 33
11 34
11 9
12 13
12 14
12 15
12 19
12 20
12 21
12 22
12 23
12 24
12 25
12 28
12 29
12 31
12 32
12 33
12 34
12 9
13 14
13 15
13 19
13 20
13 21
13 22
13 23
13 24
13 25
13 28
13 29
13 31
13 32
13 33
13 34
13 9
14 15
14 19
14 20
14 21
14 22
14 23
14 24
14 25
14 28
14 29
14 31
14 32
14 33
14 34
14 9
15 19
15 20
15 21
15 22
15 23
15 24
15 25
15 28
15 29
15 31
15 32
15 33
15 34
15 9
19 20
19 21
19 22
19 23
19 24
19 25
19 28
19 29
19 31
19 32
19 33
19 34
19 9
20 21
20 22
20 23
20 24
20 25
20 28
20 29
20 31
20 32
20 33
20 34
20 9
21 22
21 23
21 24
21 25
21 28
21 29
21 31
21 32
21 33
21 34
21 9
22 23
22 24
22 25
22 28
22 29
22 31
22 32
22 33
22 34
22 9
23 24
23 25
23 28
23 29
23 31
23 32
23 33
23 34
23 9
24 25
24 28
24 29
24 31
24 32
24 33
24 34
24 9
25 28
25 29
25 31
25 32
25 33
25 34
25 9
28 29
28 31
28 32
28 33
28 34
28 9
29 31
29 32
29 33
29 34
29 9
31 32
31 33
31 34
31 9
32 33
32 34
32 9
33 34
33 9
34 9
