# The links from /Users/zbatist/Dropbox/MA Thesis/Preliminary Analyses/End of February/P4/p4_cfinder_input.txt
# at no lower link weight threshold,
# and at no upper link weight threshold.
# Links were treated as undirected.
# No time limit was set for the clique search.
# (mutual links and self-links were removed)

1 12
1 13
1 14
1 15
1 16
1 17
1 18
1 19
1 2
1 22
1 24
1 25
1 26
1 3
1 5
1 6
1 7
1 9
10 11
10 21
10 22
10 23
10 25
10 26
11 21
11 22
11 23
11 25
11 26
12 13
12 14
12 15
12 16
12 17
12 18
12 19
12 22
12 24
12 25
12 26
13 14
13 16
13 17
13 18
13 19
13 22
13 24
13 25
13 26
14 16
14 17
14 18
14 19
14 20
14 22
14 24
14 25
14 26
15 25
16 17
16 18
16 19
16 20
16 22
16 24
16 25
16 26
17 18
17 19
17 22
17 24
17 25
17 26
18 19
18 20
18 22
18 24
18 25
18 26
19 22
19 24
19 25
19 26
2 10
2 11
2 12
2 13
2 14
2 15
2 16
2 17
2 18
2 19
2 21
2 22
2 23
2 24
2 25
2 26
2 3
2 4
2 5
2 6
2 7
2 8
2 9
20 22
20 24
21 22
21 23
21 25
21 26
22 23
22 24
22 25
22 26
23 25
23 26
24 25
24 26
25 26
3 10
3 11
3 12
3 13
3 14
3 16
3 17
3 18
3 19
3 20
3 21
3 22
3 23
3 24
3 25
3 26
3 4
3 5
3 6
3 7
3 8
3 9
4 10
4 11
4 21
4 22
4 23
4 25
4 26
4 7
4 8
4 9
5 12
5 13
5 14
5 15
5 16
5 17
5 18
5 19
5 20
5 22
5 24
5 25
5 26
5 6
5 7
5 8
5 9
6 12
6 13
6 14
6 15
6 16
6 17
6 18
6 19
6 22
6 24
6 25
6 26
6 7
6 9
7 10
7 11
7 12
7 13
7 14
7 15
7 16
7 17
7 18
7 19
7 21
7 22
7 23
7 24
7 25
7 26
7 8
7 9
8 10
8 11
8 14
8 16
8 18
8 20
8 21
8 22
8 23
8 24
8 25
8 26
8 9
9 10
9 11
9 12
9 15
9 21
9 22
9 23
9 25
9 26
