1 1 200
1 2 129
1 3 67
1 5 173
1 6 180
1 7 156
1 9 7
1 12 142
1 13 120
1 14 80
1 15 80
1 16 100
1 17 120
1 18 120
1 19 67
1 22 16
1 24 120
1 25 118
1 26 67
2 2 200
2 3 81
2 4 14
2 5 122
2 6 129
2 7 121
2 8 14
2 9 21
2 10 14
2 11 14
2 12 137
2 13 100
2 14 80
2 15 29
2 16 100
2 17 100
2 18 100
2 19 81
2 21 14
2 22 30
2 23 14
2 24 100
2 25 128
2 26 81
3 3 200
3 4 33
3 5 93
3 6 67
3 7 100
3 8 113
3 9 33
3 10 33
3 11 33
3 12 67
3 13 67
3 14 167
3 16 167
3 17 67
3 18 147
3 19 67
3 20 100
3 21 33
3 22 55
3 23 33
3 24 97
3 25 100
3 26 100
4 4 200
4 7 44
4 8 120
4 9 133
4 10 133
4 11 133
4 21 133
4 22 133
4 23 133
4 25 35
4 26 100
5 5 200
5 6 173
5 7 156
5 8 27
5 9 7
5 12 116
5 13 93
5 14 107
5 15 80
5 16 120
5 17 93
5 18 120
5 19 67
5 20 27
5 22 21
5 24 120
5 25 118
5 26 67
6 6 200
6 7 156
6 9 7
6 12 122
6 13 100
6 14 80
6 15 100
6 16 100
6 17 100
6 18 100
6 19 67
6 22 16
6 24 100
6 25 118
6 26 67
7 7 200
7 8 44
7 9 51
7 10 44
7 11 44
7 12 100
7 13 78
7 14 78
7 15 78
7 16 78
7 17 78
7 18 78
7 19 67
7 21 44
7 22 60
7 23 44
7 24 78
7 25 153
7 26 111
8 8 200
8 9 120
8 10 120
8 11 120
8 14 80
8 16 80
8 18 80
8 20 80
8 21 120
8 22 125
8 23 120
8 24 31
8 25 35
8 26 100
9 9 200
9 10 180
9 11 187
9 12 7
9 15 7
9 21 180
9 22 171
9 23 180
9 25 48
9 26 107
10 10 200
10 11 191
10 21 200
10 22 165
10 23 200
10 25 35
10 26 100
11 11 200
11 21 191
11 22 174
11 23 191
11 25 41
11 26 109
12 12 200
12 13 122
12 14 80
12 15 22
12 16 100
12 17 122
12 18 120
12 19 122
12 22 16
12 24 122
12 25 134
12 26 67
13 13 200
13 14 80
13 16 100
13 17 200
13 18 120
13 19 67
13 22 16
13 24 169
13 25 71
13 26 67
14 14 200
14 16 180
14 17 80
14 18 160
14 19 67
14 20 120
14 22 21
14 24 111
14 25 71
14 26 67
15 15 200
15 25 47
16 16 200
16 17 100
16 18 180
16 19 67
16 20 100
16 22 21
16 24 131
16 25 71
16 26 67
17 17 200
17 18 120
17 19 67
17 22 16
17 24 169
17 25 71
17 26 67
18 18 200
18 19 67
18 20 80
18 22 21
18 24 151
18 25 71
18 26 67
19 19 200
19 22 16
19 24 67
19 25 108
19 26 67
20 20 200
20 22 5
20 24 31
21 21 200
21 22 165
21 23 200
21 25 35
21 26 100
22 22 200
22 23 165
22 24 21
22 25 57
22 26 130
23 23 200
23 25 35
23 26 100
24 24 200
24 25 71
24 26 67
25 25 200
25 26 108
26 26 200
